#Position (bp)	insert size
5702.5	228.22321428571428
17106.5	232.70282317979198
28510.5	231.89408099688472
39914.5	219.77833333333334
51318.5	229.5079365079365
62722.5	225.46656050955414
74126.5	232.9820143884892
85530.5	234.6077265973254
96934.5	242.46515397082658
108338.5	226.81410256410257
119742.5	248.9815028901734
131146.5	217.52211434735707
142550.5	222.98669891172915
153954.5	236.2331189710611
165358.5	239.04006968641116
176762.5	229.15217391304347
188166.5	235.47350993377484
199570.5	230.92399403874813
210974.5	231.95366218236174
222378.5	238.7316715542522
233782.5	244.67732115677322
245186.5	239.83739837398375
256590.5	232.53459119496856
267994.5	233.88819875776397
279398.5	232.75986842105263
290802.5	238.2876923076923
302206.5	236.56656346749227
313610.5	221.10759493670886
325014.5	230.59364548494983
336418.5	245.27777777777777
345422.5	213.48
351124.5	226.0608695652174
359226.5	224.7703488372093
370630.5	243.31911764705882
382034.5	233.37446197991392
393438.5	248.6329704510109
404842.5	245.36875
416246.5	240.82344213649853
427650.5	237.87197724039828
439054.5	235.75412087912088
450458.5	241.38067349926794
461862.5	230.22368421052633
473266.5	240.112517580872
484670.5	241.42313546423136
496074.5	211.52826855123675
507478.5	235.57007874015747
518882.5	238.07692307692307
530286.5	234.08610271903322
541690.5	240.80295566502463
553094.5	242.77708978328172
564498.5	242.44142614601017
575902.5	225.72714285714287
587306.5	237.97368421052633
598710.5	230.77400295420975
610114.5	238.17156862745097
621518.5	231.57369942196533
632922.5	222.36089030206676
644326.5	232.63250883392226
655730.5	232.66006600660066
667134.5	247.25
674425.5	177.9625668449198
680127.5	255.58565737051794
689942.5	228.9259776536313
701346.5	222.0570652173913
712750.5	231.38571428571427
724154.5	225.1002906976744
735558.5	238.0633608815427
746962.5	246.51554828150572
758366.5	237.5874635568513
769770.5	228.54714064914992
781174.5	245.62539682539682
792578.5	242.55417956656348
803982.5	238.60719874804383
815386.5	237.57853810264385
826790.5	231.90434782608696
838194.5	226.83055975794252
849598.5	220.77217125382262
861002.5	225.6855439642325
872406.5	226.00838926174498
883810.5	246.12227805695142
895214.5	232.23424878836835
906618.5	241.765601217656
918022.5	227.6291390728477
929426.5	232.86235489220564
940830.5	231.01572327044025
952234.5	240.3
963638.5	240.1306990881459
975042.5	230.66453674121405
984411.0	229.62962962962962
990113.0	247.64
997850.5	243.05748865355523
1009254.5	247.72496263079222
1020658.5	243.6953125
1032062.5	232.92924528301887
1043466.5	238.7766990291262
1054870.5	223.77575757575758
1066274.5	233.63258785942492
1077678.5	238.0855172413793
1089082.5	225.05169628432955
1100486.5	241.61311475409835
1111890.5	236.78084415584416
1123294.5	231.64332247557005
1134698.5	241.5190713101161
1146102.5	239.20091324200914
1157506.5	229.77891654465594
1168910.5	237.1406779661017
1180314.5	241.99539170506912
1188447.0	196.76160990712074
1194149.0	231.20056497175142
1203122.5	251.1202635914333
1214526.5	242.7530864197531
1225930.5	233.41969696969696
1237334.5	236.38662316476345
1248738.5	236.35944700460828
1260142.5	222.67096774193547
1271546.5	238.19193548387096
1282950.5	237.10087719298247
1294354.5	247.78583196046128
1305758.5	240.96440129449837
1317162.5	241.79577464788733
1328566.5	244.36544342507645
1339970.5	246.52351097178683
1350288.5	237.237721021611
1355990.5	220.45
1362778.5	232.86175115207374
1374182.5	236.8080808080808
1385586.5	236.05692307692308
1396990.5	233.2899575671853
1408394.5	237.46600566572238
1419798.5	246.8935185185185
1431202.5	217.9969604863222
1442606.5	241.12020905923345
1454010.5	235.85426356589147
1465414.5	234.77633477633478
1476818.5	239.84310850439883
1488222.5	226.56954612005856
1496458.5	224.08664259927798
1502160.5	229.72423398328692
1511030.5	240.77175463623396
1522434.5	236.52574102964118
1533838.5	235.47391952309985
1545242.5	241.420814479638
1556646.5	234.59447004608296
1568050.5	243.328530259366
1579454.5	225.24606580829757
1590858.5	236.3882175226586
1602262.5	237.47666666666666
1613666.5	231.48024316109422
1625070.5	224.5593220338983
1634971.0	210.38548752834467
1640673.0	230.05882352941177
1647878.5	233.18288590604027
1659282.5	237.3773841961853
1670686.5	230.397913561848
1682090.5	226.9537037037037
1693494.5	234.39701492537313
1704898.5	230.05
1716302.5	233.3704292527822
1727706.5	250.11163522012578
1739110.5	223.57186544342508
1750514.5	233.0243161094225
1761581.0	232.95664335664335
1767283.0	186.54347826086956
1773322.5	233.55915721231767
1784726.5	221.3254086181278
1796130.5	236.58823529411765
1807534.5	239.4212271973466
1818938.5	225.20516717325228
1830342.5	230.93354430379748
1841746.5	243.77851239669423
1853150.5	235.12462462462463
1864554.5	224.6966966966967
1875958.5	240.80607082630692
1886088.5	234.51749539594843
1891790.5	242.57386363636363
1898766.5	238.77777777777777
1910170.5	242.9016393442623
1921574.5	244.66321243523316
1932978.5	238.70225563909776
1944382.5	231.46038863976085
1955786.5	237.60725552050474
1967190.5	239.83835182250397
1978594.5	234.74842767295598
1989998.5	232.08255451713396
2001402.5	228.50608695652173
2008282.5	222.900826446281
2013984.5	241.00804828973844
2024210.5	234.77914110429447
2035614.5	238.16076696165192
2047018.5	234.7492957746479
2058422.5	238.595818815331
2069826.5	228.1449067431851
2081230.5	230.1248120300752
2092634.5	225.89579524680073
2104038.5	232.23299319727892
2115442.5	237.91137123745818
2123305.0	226.35
2129007.0	237.18372093023257
2138250.5	233.74539877300614
2149654.5	230.99242424242425
2161058.5	231.83333333333334
2172462.5	240.3811802232855
2183866.5	228.4439178515008
2195270.5	236.31375838926175
2206674.5	223.8736176935229
2218078.5	254.35314091680814
2229482.5	228.49918433931484
2237971.0	234.01423487544483
2243673.0	225.96
2252290.5	240.04952076677316
2263694.5	228.9906976744186
2275098.5	242.33546325878595
2286502.5	227.33021806853583
2297906.5	224.1153846153846
2309310.5	226.99704579025112
2320714.5	225.875
2332118.5	230.54753521126761
2343522.5	230.82342342342343
2352500.5	240.31304347826088
2358202.5	226.26235741444867
2366330.5	245.2420382165605
2377734.5	251.94169096209913
2389138.5	239.22349570200572
2400542.5	242.13793103448276
2411946.5	223.92272024729522
2423350.5	239.75806451612902
2434754.5	235.37179487179486
2446158.5	245.4281045751634
2456351.5	236.16494845360825
2462053.5	240.39735099337747
2468966.5	216.30143540669857
2480370.5	237.4876923076923
2491774.5	220.77217125382262
2503178.5	234.04383116883116
2514582.5	243.24923547400613
2525986.5	232.81447963800906
2537390.5	238.74587458745876
2548794.5	233.04590163934427
2558192.0	231.14016172506737
2563894.0	201.56967213114754
2571602.5	223.97356143079315
2583006.5	234.7043847241867
2594410.5	218.53201219512195
2605814.5	222.7581903276131
2617218.5	241.4309210526316
2628622.5	244.26323987538942
2640026.5	242.53257790368272
2651430.5	232.52212389380531
2658342.5	226.43283582089552
2664044.5	235.90962671905697
2674238.5	242.72826086956522
2685642.5	240.92168674698794
2697046.5	234.99537037037038
2708450.5	235.97586726998492
2719854.5	226.75423728813558
2731258.5	228.7799717912553
2742662.5	245.71494607087828
2752448.5	226.28351648351648
2758150.5	223.52972972972972
2765470.5	240.30213464696223
2776874.5	233.8437047756874
2788278.5	226.33632286995515
2799682.5	231.13230240549828
2811086.5	232.85714285714286
2822490.5	235.99519230769232
2833894.5	243.89043209876544
2844898.5	233.01408450704224
2850600.5	177.32258064516128
2856702.5	201.52417794970987
2868106.5	235.55787781350483
2879510.5	238.4704
2890914.5	233.14786585365854
2902318.5	258.2787682333874
2913722.5	239.68965517241378
2925126.5	214.0248833592535
2936530.5	230.66053748231965
2943045.0	228.03846153846155
2948747.0	237.763671875
2959338.5	221.8439937597504
2970742.5	222.84546805349183
2982146.5	230.98867313915858
2993550.5	234.40712074303406
3004954.5	239.7986577181208
3016358.5	225.0916808149406
3027762.5	236.1390625
3033726.0	192.9090909090909
3039428.0	242.33278955954324
3050570.5	234.78526645768025
3061974.5	237.75077399380805
3073378.5	241.25709779179812
3084782.5	237.86026936026937
3096186.5	230.79588839941263
3107590.5	228.54173228346457
3118195.5	229.592050209205
3123897.5	223.0989010989011
3130398.5	227.46699669966998
3141802.5	232.05103668261563
3153206.5	226.95295902883157
3164610.5	237.3512658227848
3176014.5	246.41541038525963
3187418.5	224.9194729136164
3198822.5	243.51351351351352
3207769.0	222.45664739884393
3213471.0	220.73220338983052
3221630.5	227.8590308370044
3233034.5	243.59867330016584
3244438.5	239.11970802919708
3255842.5	242.2641815235008
3267246.5	230.65630114566284
3278650.5	235.53463855421685
3288823.5	236.96413502109704
3294525.5	235.4297520661157
3301458.5	237.41080196399346
3312862.5	232.85761589403972
3324266.5	250.74310344827586
3335670.5	245.93185185185186
3347074.5	232.7967213114754
3355353.0	237.07241379310344
3361055.0	223.86102719033232
3369882.5	229.60174418604652
3381286.5	220.21679389312976
3392690.5	227.95342066957787
3404094.5	225.6733746130031
3414082.5	225.53275109170306
3419784.5	221.8198757763975
3426902.5	225.68609865470853
3438306.5	233.9037356321839
3449710.5	249.51892744479494
3461114.5	230.19431279620852
3472435.0	224.26646706586826
3478137.0	160.6
3483922.5	230.79058441558442
3495326.5	223.8964968152866
3506730.5	234.58893871449925
3518134.5	207.50755287009062
3528561.0	224.71373307543521
3534263.0	223.00806451612902
3540942.5	207.5734870317003
3552346.5	211.8301329394387
3563750.5	244.81259842519685
3575154.5	242.4179810725552
3584456.5	235.632241813602
3590158.5	233.17543859649123
3597962.5	231.59937402190923
3609366.5	229.506139154161
3620770.5	245.5103448275862
3632174.5	231.86170212765958
3639035.5	226.60176991150442
3644737.5	228.40404040404042
3654982.5	226.0510708401977
3666386.5	232.3278084714549
3677790.5	226.72537313432835
3685941.5	200.95669291338584
3691643.5	221.9
3700598.5	246.80739599383668
3712002.5	221.60059171597632
3723406.5	236.16385911179174
3732210.5	244.0433436532508
3737912.5	256.40520446096656
3746214.5	240.7639097744361
3757618.5	234.0176848874598
3769022.5	229.60157480314962
3778248.5	233.05089058524172
3783950.5	231.45374449339207
3791830.5	231.79140127388536
3803234.5	232.98527245949927
3814638.5	236.51697530864197
3824079.5	211.35508637236086
3829781.5	232.4622222222222
3837446.5	224.06837606837607
3848850.5	222.41246290801186
3860254.5	238.2421524663677
3869764.0	237.03991130820398
3875466.0	249.99521531100478
3883062.5	240.69480519480518
3894466.5	234.80469897209986
3905870.5	233.91455696202533
3914922.0	229.86387434554973
3920624.0	225.93115942028984
3928678.5	236.5
3940082.5	241.01744966442953
3951486.5	243.84939759036143
3958498.0	216.62091503267973
3964200.0	232.92115384615386
3974294.5	235.11527777777778
3985698.5	228.44148936170214
3996147.0	224.77169811320755
4001849.0	232.5529411764706
4008506.5	224.93453355155484
4019910.5	205.248417721519
4031314.5	234.96054628224582
4039369.0	230.34177215189874
4045071.0	201.77077363896848
4054122.5	240.7465224111283
4065526.5	240.4306358381503
4076875.5	212.7324840764331
4082577.5	171.0
4088334.5	226.98377581120943
4099738.5	234.93103448275863
4111142.5	227.0
4119434.5	214.26621160409556
4125136.5	227.28643216080403
4133950.5	237.07796610169493
4145354.5	231.9271186440678
4153971.5	223.84126984126985
4159673.5	237.99689440993788
4168162.5	246.778125
4179566.5	241.12857142857143
4186508.0	210.84615384615384
4192210.0	222.5576131687243
4202374.5	238.50474898236092
4212959.0	233.20833333333334
4218661.0	206.125
4225182.5	231.7068493150685
4236586.5	235.01388888888889
4245044.5	233.5993031358885
4250746.5	238.38352272727272
4259394.5	240.4102564102564
4270798.5	233.62145110410094
4276611.5	44.0
4282313.5	239.61409395973155
4293606.5	235.41871165644173
4302261.0	215.9795321637427
4307963.0	227.2814569536424
4316414.5	232.57801418439718
4327270.5	220.01498127340824
4332972.5	236.78787878787878
4339222.5	224.69243697478993
4350108.5	230.17592592592592
4355810.5	200.64150943396226
4362030.5	224.46201550387596
4371971.5	235.7880085653105
4377673.5	234.47727272727272
4384838.5	243.38336052202283
4391628.5	218.34579439252337
4397330.5	237.0054644808743
4405539.5	236.66496163682865
4411241.5	225.46938775510205
4419047.5	221.05072463768116
4424749.5	347.0
4430454.5	234.80336134453782
4438025.5	217.84415584415584
4443727.5	239.83529411764707
4450848.5	228.1304347826087
4456550.5	246.59420289855072
4463561.0	231.30537634408603
4469263.0	258.94017094017096
4476070.5	235.45775729646698
4481811.0	49.5
4486588.5	224.64828897338404
4492252.0	192.16129032258064
4495607.5	221.12627986348122
4501261.5	212.02542372881356
4504532.5	182.0
4507436.0	216.0514705882353
4512498.5	235.53558052434457
4515345.0	230.58620689655172
4516897.5	206.4020618556701
4519260.5	231.60616438356163
4522037.5	212.69150943396227
4524550.5	199.52459016393442
4526562.5	210.78082191780823
4527393.5	0.0
4528157.5	244.2625
4529588.0	221.2171052631579
4530918.0	222.26618705035972
4532182.0	246.525
4533318.0	219.93638676844785
4534369.5	143.0144927536232
4535397.0	214.34272300469485
4536338.0	202.0
4537207.0	212.05405405405406
4538037.0	204.43859649122808
4538612.5	224.36065573770492
4538972.0	153.1818181818182
4539429.5	179.6046511627907
4539981.5	189.87845303867402
4540490.5	183.64705882352942
4540960.5	165.2
4541408.5	170.0
4541830.0	148.8235294117647
4542236.5	154.85
4542630.0	151.31578947368422
4543019.0	179.57142857142858
4543398.5	152.375
4543753.0	133.5
4544088.5	157.46666666666667
4544417.0	189.90625
4544728.0	127.77777777777777
4545024.0	130.52941176470588
4545313.5	140.16666666666666
4545593.0	130.7
4545859.0	125.77777777777777
4546118.0	151.8
4546376.5	135.0
4546634.5	154.25
4546881.0	132.4
4547112.0	114.4
4547339.0	147.16666666666666
4547564.5	114.0
4547788.5	0.0
4548010.0	82.5
4548227.0	167.44444444444446
4548441.5	144.8
4548655.5	107.33333333333333
4548869.0	101.5
4549081.5	120.75
4549290.5	93.85714285714286
4549496.0	133.66666666666666
4549701.0	134.55555555555554
4549905.5	129.5
4550102.0	112.14285714285714
4550203.5	0.0
4550310.0	129.69230769230768
4550507.5	137.85714285714286
4550703.0	94.25
4550896.0	126.83333333333333
4551087.0	103.66666666666667
4551276.5	46.0
4551464.0	126.875
4551649.0	56.0
4551831.0	118.52777777777777
4552008.5	130.25
4552179.0	158.0
4552345.5	81.0
4552508.5	96.25
4552668.5	79.0
4552827.5	96.5
4552985.5	116.83333333333333
4553142.0	97.08695652173913
4553297.0	102.75
4553452.0	131.2
4553607.0	95.46153846153847
4553762.0	125.0
4553917.0	94.0
4554072.0	76.0
4554227.0	111.0
4554382.0	44.0
4554537.0	129.5
4554692.0	97.0
4554847.0	79.5
4555002.0	0.0
4555157.0	152.0
4555312.0	0.0
4555467.0	0.0
4555622.0	83.5
4555777.0	0.0
4555932.0	132.0
4556087.0	89.5
4556242.0	0.0
4556397.0	0.0
4556552.0	0.0
4556707.0	49.0
4556861.5	87.5
4557015.5	131.125
4557169.5	118.25
4557323.5	0.0
4557477.0	0.0
4557630.0	0.0
4557782.5	130.0
4557934.5	93.5
4558086.0	88.0
4558237.0	132.0
4558383.5	103.5
4558521.0	96.75
4558652.5	93.75
4558782.0	84.5
4558911.0	0.0
4559038.0	91.0
4559162.0	119.0
4559284.5	0.0
4559406.0	46.0
4559525.0	0.0
4559641.0	99.5
4559754.5	0.0
4559865.0	106.0
4559973.0	0.0
4560079.0	0.0
4560183.5	63.0
4560285.0	46.0
4560381.0	0.0
4560473.5	0.0
4560562.5	0.0
4560648.0	0.0
4560731.0	0.0
4560811.0	0.0
4560890.0	0.0
4560969.0	51.0
4561048.0	0.0
4561127.0	0.0
4561205.5	0.0
4561283.5	48.0
4561361.5	0.0
4561439.5	0.0
4561517.5	0.0
