#Position (bp)	mapping quality
5702.5	59.06876026511666
17106.5	59.93724203181361
28510.5	59.982209839466414
39914.5	59.99391645171016
51318.5	59.99061851338555
62722.5	59.988534175513365
74126.5	59.988086582023605
85530.5	59.991013731825525
96934.5	59.98993418751788
108338.5	59.99451219123099
119742.5	59.9923212505257
131146.5	59.98821776224629
142550.5	59.99049064433089
153954.5	59.991846236119414
165358.5	59.82138567372789
176762.5	59.842977450064396
188166.5	59.96666316259757
199570.5	59.99357005813451
210974.5	59.99082775909798
222378.5	59.98268650575974
233782.5	59.98864946562879
245186.5	59.9910325795227
256590.5	59.993189467190334
267994.5	59.98605497292316
279398.5	59.990822386179595
290802.5	59.99260637369122
302206.5	59.99357739242132
313610.5	59.99021690483545
325014.5	59.99236386696915
336418.5	59.98789681782931
345422.5	59.48630798785963
351124.5	58.69401576925669
359226.5	59.98988577755595
370630.5	59.98955006268828
382034.5	59.82539536910674
393438.5	59.996596198781994
404842.5	59.98950028929017
416246.5	59.9918720961375
427650.5	59.98898617306967
439054.5	59.968101176319344
450458.5	59.980935482225156
461862.5	59.995808421579646
473266.5	59.981408856644684
484670.5	59.98995876760295
496074.5	59.85502196193265
507478.5	59.99356055718385
518882.5	59.99096807402708
530286.5	59.996430774390205
541690.5	59.94040698614281
553094.5	59.99739307337158
564498.5	59.99142420412512
575902.5	59.94394938924003
587306.5	59.98989692334539
598710.5	59.99296748038008
610114.5	59.98847370604709
621518.5	59.99011576738203
632922.5	59.99731111195668
644326.5	59.99539252413114
655730.5	59.99374021909233
667134.5	59.995166032358725
674425.5	52.38651407608262
680127.5	59.97811172557506
689942.5	57.933651386976194
701346.5	59.99713823837819
712750.5	59.97043711871047
724154.5	59.99208760965541
735558.5	59.98343054296093
746962.5	59.992565242508725
758366.5	59.98528687759248
769770.5	59.983603782254356
781174.5	59.991592752953046
792578.5	59.98640586975124
803982.5	59.992998811583675
815386.5	59.85942631520683
826790.5	59.99401462336338
838194.5	59.993555855221544
849598.5	59.987345008308836
861002.5	59.98829776480172
872406.5	59.90738857275279
883810.5	59.98867857190065
895214.5	59.99409898758381
906618.5	59.47349705257631
918022.5	59.97774175693841
929426.5	59.997033999393906
940830.5	59.98181784811908
952234.5	59.98464415083522
963638.5	59.98666140968094
975042.5	59.99381391868296
984411.0	59.86834597935694
990113.0	59.62681789236356
997850.5	59.991264098806056
1009254.5	59.99868097960818
1020658.5	59.99426387391426
1032062.5	59.992191337109176
1043466.5	59.98646379515553
1054870.5	59.98633457708487
1066274.5	59.99678946543345
1077678.5	59.9770065954205
1089082.5	59.96355257919024
1100486.5	59.9925218511128
1111890.5	59.991771548258
1123294.5	59.98891472868217
1134698.5	59.99441183222379
1146102.5	59.97930659672379
1157506.5	59.98936914815495
1168910.5	59.99303108190466
1180314.5	59.99559596619541
1188447.0	56.44717904576982
1194149.0	59.98898483715238
1203122.5	59.99573484529237
1214526.5	59.985184287099905
1225930.5	59.96502580740304
1237334.5	59.99616539587209
1248738.5	59.994761015794
1260142.5	59.98128261581221
1271546.5	59.988725502560094
1282950.5	59.992170263300366
1294354.5	59.98823067364585
1305758.5	59.99539443133313
1317162.5	59.962368369598614
1328566.5	59.98116323382633
1339970.5	59.98600334137739
1350288.5	59.944296746423596
1355990.5	60.0
1362778.5	59.995958984906686
1374182.5	59.99313602183628
1385586.5	59.99100508408291
1396990.5	59.98918038057124
1408394.5	59.99180419643057
1419798.5	59.99661348405714
1431202.5	59.99047350135655
1442606.5	59.995601781040754
1454010.5	59.989636856099814
1465414.5	59.99543273080725
1476818.5	59.98752827890249
1488222.5	59.98033778674061
1496458.5	60.0
1502160.5	59.69548684984836
1511030.5	59.9835616890984
1522434.5	59.98951980070441
1533838.5	59.99167645109915
1545242.5	59.99653183200194
1556646.5	59.99089152296198
1568050.5	59.99718519097697
1579454.5	59.99116321009919
1590858.5	59.98974587341171
1602262.5	59.99211888769744
1613666.5	59.98005177947194
1625070.5	59.88004603076024
1634971.0	59.89815598961891
1640673.0	59.35805499699684
1647878.5	59.990214789309725
1659282.5	59.990280519818626
1670686.5	59.988988971134695
1682090.5	59.99244394288798
1693494.5	59.99415396896204
1704898.5	59.99776663983172
1716302.5	59.987441400369875
1727706.5	59.98319234741553
1739110.5	59.99440514627955
1750514.5	59.99648726485668
1761581.0	58.80668825868289
1767283.0	59.82583054845685
1773322.5	59.99251886134534
1784726.5	59.99691457978814
1796130.5	59.99508147988001
1807534.5	59.98467565312614
1818938.5	59.989969998757346
1830342.5	59.96547062928709
1841746.5	59.99632927655104
1853150.5	59.989422864082606
1864554.5	59.988450547942755
1875958.5	59.98985190866718
1886088.5	59.83739422545393
1891790.5	59.98418590003149
1898766.5	59.98810631396314
1910170.5	59.992591793889495
1921574.5	59.95357409512535
1932978.5	59.95913895025975
1944382.5	59.9882847737204
1955786.5	59.99684505362788
1967190.5	59.9897687360022
1978594.5	59.99340978069316
1989998.5	59.98634653065033
2001402.5	58.03565660591061
2008282.5	60.0
2013984.5	59.97291666666667
2024210.5	59.99171141862718
2035614.5	59.99326121550897
2047018.5	59.99412758649345
2058422.5	59.98170576151026
2069826.5	59.99550287348122
2081230.5	59.99491626083858
2092634.5	59.99071747269091
2104038.5	59.99250694356563
2115442.5	59.990247044210335
2123305.0	59.822834302071875
2129007.0	59.8376361491399
2138250.5	59.98632337696192
2149654.5	59.99113124329479
2161058.5	59.991996612901026
2172462.5	59.9928948921053
2183866.5	59.993601337958374
2195270.5	59.94086689137248
2206674.5	59.99936195598772
2218078.5	59.98002287255492
2229482.5	59.9834567389841
2237971.0	59.99532837199196
2243673.0	59.9297716010708
2252290.5	59.99393981217182
2263694.5	59.98821867617397
2275098.5	59.995327950364945
2286502.5	59.989907133318155
2297906.5	59.993664151964175
2309310.5	59.969271120603665
2320714.5	59.99259045298705
2332118.5	59.98879054800983
2343522.5	59.99636280972948
2352500.5	59.86748063659293
2358202.5	59.95003055096049
2366330.5	59.983100767404764
2377734.5	59.98947171267708
2389138.5	59.94102470007057
2400542.5	59.99059016582589
2411946.5	59.99416088224549
2423350.5	59.9848675050784
2434754.5	59.99356231512468
2446158.5	59.99016845820632
2456351.5	59.98869555580184
2462053.5	58.98175677472542
2468966.5	59.724372789132744
2480370.5	59.98898927997247
2491774.5	59.99308247216965
2503178.5	59.99316252699432
2514582.5	59.996963973664236
2525986.5	59.99480107687705
2537390.5	59.98326696327812
2548794.5	59.98576339972341
2558192.0	59.935265679996604
2563894.0	53.564009775354826
2571602.5	59.98603072991297
2583006.5	59.98662136818884
2594410.5	59.9912584140783
2605814.5	59.397626656726814
2617218.5	59.98600391587191
2628622.5	59.994466032265436
2640026.5	59.678200557751694
2651430.5	59.98202754443111
2658342.5	59.982263309236515
2664044.5	59.9973536847577
2674238.5	59.9924042352143
2685642.5	59.99026267577149
2697046.5	59.99065375680559
2708450.5	59.9852933186025
2719854.5	59.98914199609998
2731258.5	59.98673856180174
2742662.5	59.99869313622991
2752448.5	59.92045514131404
2758150.5	59.988450186080335
2765470.5	59.98819481138762
2776874.5	59.98791825251419
2788278.5	59.981243452570126
2799682.5	59.92058475178505
2811086.5	59.67790358501926
2822490.5	59.990767963502726
2833894.5	59.99128626176385
2844898.5	59.93736445213793
2850600.5	59.507040074268915
2856702.5	59.98711647544154
2868106.5	59.95288660584222
2879510.5	59.993614391224135
2890914.5	59.98024720774386
2902318.5	59.751492877244
2913722.5	59.98819857410388
2925126.5	59.993358892303796
2936530.5	59.97549131151453
2943045.0	60.0
2948747.0	59.98608811377107
2959338.5	59.978162109958255
2970742.5	59.986806589724495
2982146.5	59.99392677536116
2993550.5	59.76078105475873
3004954.5	59.77113848977068
3016358.5	59.86297205501564
3027762.5	59.97512391859856
3033726.0	60.0
3039428.0	59.99445645263827
3050570.5	59.992802252993414
3061974.5	59.99027622144252
3073378.5	59.98662549514987
3084782.5	59.98613473634242
3096186.5	59.86859082031806
3107590.5	59.98191642559482
3118195.5	59.99288224601091
3123897.5	60.0
3130398.5	59.99643945448285
3141802.5	59.99253849415547
3153206.5	59.80736776738749
3164610.5	59.924538785703135
3176014.5	59.06947669110166
3187418.5	59.9866551598311
3198822.5	59.991961233363206
3207769.0	59.99124544489555
3213471.0	57.772602811171666
3221630.5	59.98934017319277
3233034.5	59.993742119889895
3244438.5	59.98775808409414
3255842.5	59.98958241978526
3267246.5	59.99178082191781
3278650.5	59.99158150070451
3288823.5	59.97697301929965
3294525.5	59.99141404134469
3301458.5	59.99722265082549
3312862.5	59.96590945810579
3324266.5	59.99379943099059
3335670.5	59.994808428129716
3347074.5	59.994116307071494
3355353.0	59.98156705557967
3361055.0	59.99124493369415
3369882.5	59.97837893461085
3381286.5	59.99158297002642
3392690.5	59.995755404455956
3404094.5	59.99121359548441
3414082.5	59.932780947739055
3419784.5	59.97226983966925
3426902.5	59.98981862954018
3438306.5	59.83209664596559
3449710.5	59.990747809648454
3461114.5	59.98558761788389
3472435.0	59.94785549030077
3478137.0	56.16838487972509
3483922.5	59.933471411939514
3495326.5	59.98843923324542
3506730.5	59.99622486956212
3518134.5	59.985725268304684
3528561.0	59.97687861271676
3534263.0	58.829139116418304
3540942.5	59.9885725308191
3552346.5	59.98983432182676
3563750.5	59.990190789151015
3575154.5	59.99613195693414
3584456.5	59.95333185486592
3590158.5	59.9342254084811
3597962.5	59.989614206678525
3609366.5	59.99599257884972
3620770.5	59.990392185644325
3632174.5	59.98082375129282
3639035.5	59.98632563632408
3644737.5	59.91798308729607
3654982.5	59.985329533725846
3666386.5	59.99148555942016
3677790.5	59.982060226382856
3685941.5	59.95810705973623
3691643.5	57.1165430603905
3700598.5	59.990612878658176
3712002.5	59.99569432026728
3723406.5	59.995597553115154
3732210.5	59.967093447656566
3737912.5	59.9925396470851
3746214.5	59.976795122239984
3757618.5	59.97956780761872
3769022.5	59.99593195266272
3778248.5	59.95452161608565
3783950.5	59.836329302393146
3791830.5	59.98436956413697
3803234.5	59.9958275624272
3814638.5	59.731204331502
3824079.5	59.75647675767214
3829781.5	59.991283519729144
3837446.5	59.99563910196971
3848850.5	59.99196987515294
3860254.5	59.99388250677127
3869764.0	59.65583772668421
3875466.0	59.92884380867579
3883062.5	59.988258152261906
3894466.5	59.98740485944261
3905870.5	59.990125957339075
3914922.0	59.907524659087485
3920624.0	59.802289883874415
3928678.5	59.991307826199765
3940082.5	59.99221682231282
3951486.5	59.98889063107952
3958498.0	59.94899903549837
3964200.0	59.99293747566292
3974294.5	59.99070765232393
3985698.5	59.99635389332376
3996147.0	57.38320961575651
4001849.0	59.69973803286497
4008506.5	59.99002726503076
4019910.5	59.9941121548751
4031314.5	59.992459103283785
4039369.0	59.97712797217237
4045071.0	59.872376703609845
4054122.5	59.997042155204035
4065526.5	59.91695416184386
4076875.5	59.401069518716575
4082577.5	55.910780669144984
4088334.5	59.995194634786415
4099738.5	59.992259839319765
4111142.5	59.99169982295494
4119434.5	59.13878261787288
4125136.5	59.42545908505155
4133950.5	59.98698193411265
4145354.5	59.98752145166225
4153971.5	59.93979261902107
4159673.5	59.9970234404068
4168162.5	59.993989943091144
4179566.5	59.983255905779
4186508.0	59.952309549061916
4192210.0	59.98676655638797
4202374.5	59.99168230244132
4212959.0	59.97846435721832
4218661.0	59.99151943462898
4225182.5	59.988016424579776
4236586.5	59.987510141863154
4245044.5	59.68637227917614
4250746.5	59.92820112603824
4259394.5	59.988240761998625
4270798.5	59.99446791014092
4276611.5	58.84084636614536
4282313.5	59.960367950481434
4293606.5	59.99336119692289
4302261.0	59.9694060303786
4307963.0	59.92322711756346
4316414.5	59.98943328377304
4327270.5	59.99049536612087
4332972.5	59.99609781477628
4339222.5	59.99287502152061
4350108.5	59.99373206556101
4355810.5	57.951001430615165
4362030.5	59.6921809511783
4371971.5	59.94647766038486
4377673.5	59.83841286763854
4384838.5	59.993932117174694
4391628.5	59.96968099129976
4397330.5	59.83248844276106
4405539.5	59.91581773671326
4411241.5	59.98811980870878
4419047.5	59.99106307159692
4424749.5	60.0
4430454.5	59.99890909799287
4438025.5	59.99318071115441
4443727.5	59.96870362493502
4450848.5	59.99728377263087
4456550.5	59.78282427893971
4463561.0	59.26347119077057
4469263.0	59.383810457058864
4476070.5	59.99737641372301
4481811.0	54.735781137509
4486588.5	59.90464374335342
4492252.0	60.0
4495607.5	59.98039241663465
4501261.5	59.86064224412301
4504532.5	58.275862068965516
4507436.0	59.59984041212868
4512498.5	59.71073613687329
4515345.0	57.29558541266795
4516897.5	59.5854336255479
4519260.5	59.71982023057383
4522037.5	59.838996673438864
4524550.5	59.892606567089715
4526562.5	59.68538625383137
4527393.5	45.714285714285715
4528157.5	59.442260553790284
4529588.0	59.612691776668086
4530918.0	59.82594991258095
4532182.0	59.90842248932329
4533318.0	59.58668105103403
4534369.5	59.57936507936508
4535397.0	59.2848302603466
4536338.0	59.69686337504227
4537207.0	59.39533200651348
4538037.0	58.92460845153664
4538612.5	55.02233018779781
4538972.0	59.299725877192984
4539429.5	59.83276836158192
4539981.5	58.991471291439176
4540490.5	59.20997280145059
4540960.5	51.01120193763246
4541408.5	51.536745202059606
4541830.0	58.03678929765886
4542236.5	57.92952612393682
4542630.0	59.41657334826428
4543019.0	53.22999139414802
4543398.5	58.55814377812918
4543753.0	55.18947107027564
4544088.5	52.32230421328255
4544417.0	59.35405631446891
4544728.0	53.24888347543646
4545024.0	57.966491458607095
4545313.5	57.50096190842632
4545593.0	52.64773495605139
4545859.0	56.878608923884514
4546118.0	55.51542807475011
4546376.5	32.31094808126411
4546634.5	43.681372549019606
4546881.0	39.97721724979658
4547112.0	57.77637130801688
4547339.0	53.53776263486655
4547564.5	30.59382064807837
4547788.5	19.80821917808219
4548010.0	28.321070234113712
4548227.0	53.77565108252275
4548441.5	59.116143170197226
4548655.5	60.0
4548869.0	39.436346863468636
4549081.5	45.2967032967033
4549290.5	48.015228426395936
4549496.0	38.645788336933045
4549701.0	54.160578081091934
4549905.5	39.64905149051491
4550102.0	53.40565177757521
4550203.5	56.5
4550310.0	33.701107961865496
4550507.5	38.80013458950202
4550703.0	27.140649973361747
4550896.0	55.857047872340424
4551087.0	57.944509345794394
4551276.5	60.0
4551464.0	55.680317954034905
4551649.0	46.06923076923077
4551831.0	56.17415835997743
4552008.5	50.950363196125906
4552179.0	60.0
4552345.5	28.560221870047542
4552508.5	56.39367816091954
4552668.5	45.67641325536062
4552827.5	41.05507631055076
4552985.5	49.02839683680805
4553142.0	0.0
4553297.0	0.0
4553452.0	36.7410358565737
4553607.0	33.20168539325843
4553762.0	31.027416520210895
4553917.0	28.502698535080956
4554072.0	18.98780487804878
4554227.0	27.26285160038797
4554382.0	57.0
4554537.0	55.01381427475057
4554692.0	33.0
4554847.0	0.0
4555002.0	8.484848484848484
4555157.0	43.12226906860866
4555312.0	10.34762979683973
4555467.0	8.0
4555622.0	35.0625
4555777.0	8.0
4555932.0	48.0
4556087.0	29.778220451527226
4556242.0	8.0
4556397.0	8.0
4556552.0	1.0
4556707.0	4.825910931174089
4556861.5	31.484619263741806
4557015.5	35.16400660429279
4557169.5	44.537944929482876
4557323.5	0.0
4557477.0	9.922824302134647
4557630.0	0.0
4557782.5	47.05827067669173
4557934.5	55.68804664723032
4558086.0	53.96648044692738
4558237.0	24.197707736389685
4558383.5	57.53623188405797
4558521.0	27.68041237113402
4558652.5	48.52771855010661
4558782.0	42.248520710059175
4558911.0	37.0
4559038.0	44.47192513368984
4559162.0	26.8689818468824
4559284.5	0.0
4559406.0	0.0
4559525.0	0.0
4559641.0	30.48465266558966
4559754.5	23.0
4559865.0	47.0
4559973.0	0.0
4560079.0	0.0
4560183.5	51.0
4560285.0	0.0
4560381.0	0.0
4560473.5	0.0
4560562.5	0.0
4560648.0	0.0
4560731.0	0.0
4560811.0	0.0
4560890.0	0.0
4560969.0	0.0
4561048.0	0.0
4561127.0	0.0
4561205.5	0.0
4561283.5	0.0
4561361.5	0.0
4561439.5	0.0
4561517.5	0.0
