# Position (bp)	A	C	G	T	N
0.0	20.84820378912276	23.23671599165789	42.53597105111741	13.376050649075086	0.0030585190268557086
1.0	19.532260993395838	25.20170886257419	17.830662040886544	37.434030067570795	0.0013380355726314381
2.0	24.56536278687585	25.096214480900425	21.54650207334085	28.791538476237793	3.821826450860866E-4
3.0	17.77961597756462	31.880624843588514	14.837838302522261	35.5019208763246	0.0
4.0	34.46455548488998	15.444629702841711	16.4446430720044	33.64598075222549	1.909880384191538E-4
5.0	34.72958419894904	15.398348710741782	32.04051081510448	17.829455884150068	0.0021003910546254427
6.0	29.191883708231988	22.638443944664424	25.866097986582304	22.303383442856433	1.9091766484785773E-4
7.0	33.70067346751779	21.608228215387435	25.373385052380808	19.317522372560397	1.9089215356891972E-4
8.0	15.834718693873812	39.61246805399948	23.911354739459966	20.641267647839122	1.9086482762043094E-4
9.0	24.262376426581167	27.863086377342643	18.602618420550403	29.271155387610214	7.633879155692966E-4
10.0	21.55442036023899	18.829633559206247	38.4490908154133	21.166473615614045	3.8164952742247263E-4
11.0	22.423626070646957	27.24046411078823	22.86285606345366	27.473053755111152	0.0
12.0	19.343465370335746	25.70409771323257	30.411183143627916	24.541253772803763	0.0
13.0	19.1107796082501	33.83821812549122	23.43918109467162	23.61182117158707	0.0
14.0	26.361328300101672	25.71011103502343	27.57258478318509	20.35578513263735	1.9074905245408194E-4
15.0	26.200253678819724	24.541423080957873	26.335103998779292	22.92302850548843	1.9073595468113719E-4
16.0	25.979447900733515	24.430602335188414	24.211654581310103	25.37772301964808	5.721631198910602E-4
17.0	26.46154080871766	23.731360646577453	24.47588588777579	25.331212656929104	0.0
18.0	25.887490465293666	24.192219679633865	24.91495041952708	25.004767353165526	5.720823798627002E-4
19.0	25.426464863874703	24.73438966867401	25.020416886100488	24.818728581350797	0.0
20.0	24.74340175953079	25.086678274682306	25.136317815249264	25.033602150537636	0.0
21.0	24.38032318338307	25.39289821901425	25.63075782644082	24.595829719268348	1.9105189351531664E-4
22.0	24.54948323920882	25.34383806250072	25.571533993798106	24.534762343566584	3.8236092577227345E-4
23.0	24.760093666778904	25.21675747650678	25.462977134286323	24.55998040956258	1.9131286540757293E-4
24.0	24.513542695674147	25.194697787681775	25.468270195348698	24.82348932129538	0.0
25.0	24.734268788940064	25.35232854876656	25.317268122217197	24.595942953045853	1.9158703032439516E-4
26.0	25.021329299459534	25.097252019333453	25.248714011001127	24.632512946165807	1.9172404008566232E-4
27.0	24.748601744102384	25.37793681706112	25.30905532584399	24.564406112992508	0.0
28.0	24.763307304016912	25.125234484652175	25.408440103451653	24.70301810787926	0.0
29.0	25.023439901629263	25.057062711343374	25.28492929603443	24.634568090992932	0.0
30.0	24.402048197636073	25.459027394547242	25.437491707799186	24.7014327000175	0.0
31.0	24.769996055150916	25.388086555761884	25.48141591217419	24.36050147691301	0.0
32.0	24.760107453374285	25.26868157790851	25.454703010812736	24.516315389133343	1.9256877112238708E-4
33.0	24.314760922774493	25.53761057683042	25.606028484976967	24.54160001541812	0.0
34.0	24.648262239933956	25.419249806143984	25.63760305231605	24.294692010045793	1.9289156022267402E-4
35.0	24.797812412433693	25.15416501599142	25.55399882117631	24.49402375039858	0.0
36.0	24.483712967069575	25.37132188460503	25.42206452837424	24.722900619951155	0.0
37.0	24.766346976922943	25.139997709569535	25.349048015574926	24.7440249851025	5.823128300985855E-4
38.0	24.906324050692017	25.076555526589182	25.22188456944082	24.79504130301981	1.9455025816819262E-4
39.0	24.744859160696805	25.294723254571476	25.339765313325042	24.620457284139345	1.9498726733144326E-4
40.0	24.687953215459853	25.396288666241873	25.308919475706677	24.6068386425916	0.0
41.0	24.817366671303105	25.16647108721929	25.48521007975332	24.530952161724286	0.0
42.0	24.43147783357654	25.643840674351054	25.37693623556723	24.547156063483584	5.891930215978522E-4
43.0	24.56502773778976	25.467170548513067	25.572922718204932	24.39487899549224	0.0
44.0	24.64668288752311	25.23442560788713	25.612429494572858	24.506462010016904	0.0
45.0	24.36540983411712	25.55555115349416	25.47987971807438	24.59915929431434	0.0
46.0	24.671153956983222	25.407840635613343	25.41360376312354	24.5074016442799	0.0
47.0	24.848548858935217	25.152846085785114	25.4406032538082	24.55800180147147	0.0
48.0	24.608012022430145	25.39818304629515	25.426760298802154	24.56704463247255	0.0
49.0	24.57089155969847	25.297660792933886	25.485614898468718	24.645832748898926	0.0
50.0	24.698836330906342	25.267009016828197	25.387153028914927	24.64700162335053	0.0
51.0	24.50746334810087	25.38162902254215	25.500091667522902	24.610815961834078	0.0
52.0	24.591157608893308	25.42561230386274	25.5225949318495	24.460635155394456	0.0
53.0	24.523840399406726	25.37505166838219	25.597934885681173	24.502970425423275	2.02621106635436E-4
54.0	24.32584052701008	25.54539486120455	25.617958344089125	24.510806267696243	0.0
55.0	24.537243794060487	25.322557950311698	25.66270440905671	24.47728992183565	2.039247354586369E-4
56.0	24.695823674912383	25.295072005957703	25.510915976341046	24.497983751347746	2.0459144112165213E-4
57.0	24.315897292737045	25.47052267068442	25.601688113619243	24.611891922959288	0.0
58.0	24.63122257208227	25.420981855100276	25.415009751004447	24.532785821813007	0.0
59.0	24.76325053299618	25.23365065199068	25.402639364040525	24.600252863305073	2.0658766754259837E-4
60.0	24.571485413614237	25.350282567833894	25.33556873123209	24.742663287319782	0.0
61.0	24.625902376057752	25.361937762294453	25.433234045118287	24.578925816529512	0.0
62.0	24.801983191244936	25.152043967133064	25.458112590720784	24.587860250901215	0.0
63.0	24.511157408569492	25.447635064467818	25.53820795368023	24.502999573282462	0.0
64.0	24.51354192677896	25.45802495818968	25.616872693088126	24.41156042194323	0.0
65.0	24.584958264194807	25.44915475518644	25.56960319398937	24.39607321243567	2.1057419371141227E-4
66.0	24.310653507872658	25.503653615673873	25.66894881133308	24.51674406512039	0.0
67.0	24.51832190799901	25.515731316873214	25.536099600908933	24.429847174218843	0.0
68.0	24.748890346654854	25.250257712197243	25.394448751480247	24.60640318966766	0.0
69.0	24.343964732091315	25.42727276614486	25.530322790303888	24.698439711459933	0.0
70.0	24.725129738763304	25.320029433912072	25.426437745774237	24.528188548663568	2.145328868188849E-4
71.0	24.738716470228532	25.28582932490451	25.414802406349178	24.560651798517778	0.0
72.0	24.446826396737688	25.500984356192152	25.44674211596602	24.605447131104142	0.0
73.0	24.539133527656325	25.38821222846832	25.564751197168434	24.507903046706918	0.0
74.0	24.592280096825313	25.26143705483865	25.644776483290666	24.501506365045365	0.0
75.0	24.374569808476	25.63996110522348	25.49880365785707	24.48513585858034	0.0015295698631034972
76.0	24.584293331577907	25.580716652403833	25.522348759133695	24.31264125688456	0.0
77.0	24.73001969501368	25.355457545569504	25.472658298121704	24.44164415912866	2.2030216645150486E-4
78.0	24.317616219265357	25.509949010629242	25.56392474367057	24.607846390372853	6.636360619836081E-4
79.0	24.552092751511168	25.482451366103227	25.470899635454035	24.49455624693157	0.0
80.0	24.719181320985342	25.33033555490128	25.40795660358841	24.54252652052497	0.0
81.0	24.592039878983588	25.399114546826677	25.528103172985837	24.480742401203894	0.0
82.0	24.70957225563487	25.391490079253554	25.371704794559047	24.527232870552528	0.0
83.0	24.729995755786128	25.13613090239211	25.509531420728017	24.623890408979673	4.515121140700205E-4
84.0	24.515644907527058	25.49160965037565	25.51155968460809	24.4811857574892	0.0
85.0	24.49634252123569	25.561143528436816	25.57730792260215	24.36520602772535	0.0
86.0	24.622280154129363	25.34467579094204	25.609485587532443	24.423558467396152	0.0
87.0	24.465324158712367	25.537661574078328	25.59921360391728	24.397800663292024	0.0
88.0	24.44440855352413	25.555591446475873	25.688259669783026	24.311740330216978	0.0
89.0	24.523621864713245	25.390606889517365	25.53456349390329	24.551207751866105	0.0
90.0	24.279522965605736	25.54756254613964	25.637687673351138	24.53522681490348	0.0
91.0	24.613412311852862	25.49537030538673	25.39524350930384	24.494336285670173	0.0016375877864024065
92.0	24.563386503990152	25.300553639072444	25.469277261319522	24.666782595617885	0.0
93.0	24.39407354937725	25.522696416976565	25.569919131102058	24.513310902544124	0.0
94.0	24.481148637748277	25.35918653975725	25.56772350702715	24.591941315467324	0.0
95.0	24.61089123074722	25.337132230222686	25.46635830432502	24.58561823470507	0.0
96.0	24.298492156482194	25.616088136844045	25.503712702257815	24.581707004415946	0.0
97.0	24.5227210320691	25.509073479042115	25.662746949413005	24.305458539475776	0.0
98.0	24.621380846325167	25.34521158129176	25.464074755495304	24.56933281688777	0.0
99.0	24.15462698478353	25.61398727986725	25.585276957289743	24.646108778059475	0.0
100.0	24.516455671434443	25.368589430019373	25.650595808793312	24.46435908975287	0.0
101.0	24.504074834363823	25.324204393200006	25.588484751637925	24.58323602079825	0.0
102.0	24.28764862273792	25.50776346870398	25.508504729242233	24.696083179315867	0.0
103.0	24.573945140080827	25.490512656828678	25.363832593538323	24.571709609552173	0.0
104.0	24.742136763020504	25.195566575031897	25.622279982921476	24.439517306986463	4.993720396601274E-4
105.0	24.52232417437584	25.498387036037506	25.558135740017825	24.42115304956883	0.0
106.0	24.459160702207775	25.436608485851863	25.681664462593	24.422566349347356	0.0
107.0	24.64675788704373	25.304265297007593	25.661060132364288	24.38766291769865	2.537658857444476E-4
108.0	24.326434787046725	25.699849439865265	25.446449077500194	24.527266695587823	0.0
109.0	24.538082529254773	25.431892835146787	25.59818312461507	24.43184151098337	0.0
110.0	24.506625644625924	25.47427432801458	25.57235554959038	24.446744477769116	0.0
111.0	24.320739977524532	25.613468670599442	25.54573082902294	24.520060522853086	0.0
112.0	24.367403293287364	25.54529248870526	25.662481110186015	24.42456210866439	2.6099915697272295E-4
113.0	24.596869470246315	25.521011094950303	25.434897898102882	24.4472215367005	0.0
114.0	24.34076918404589	25.608129699124017	25.54712526507879	24.503975851751303	0.0
115.0	24.534460914902827	25.468327937125995	25.647611281836074	24.3495998661351	0.0
116.0	24.630892032077988	25.32514904613148	25.47960653424654	24.56435238754399	0.0
117.0	24.300937640330098	25.607234377815004	25.512045196038624	24.579782785816274	0.0
118.0	24.41548600116375	25.519966440682552	25.613607761945357	24.45093979620834	0.0
119.0	24.558038147138962	25.378201634877385	25.63514986376022	24.428610354223434	0.0
120.0	24.350406278880353	25.52879328453782	25.649456603711496	24.471343832870335	0.0
121.0	24.279315208001567	25.83315163842806	25.552467508811056	24.33506564475932	0.0
122.0	24.5753202457532	25.36107500361075	25.621049006210487	24.442277994422778	2.777500027775E-4
123.0	24.06197310695981	25.631432813535437	25.725661910473967	24.580932169030785	0.0
124.0	24.485259150244953	25.502781584419747	25.51178620773103	24.500173057604265	0.0
125.0	24.408299949570214	25.31348628479797	25.575834499640195	24.702379265991624	0.0
126.0	24.233621173807563	25.53018618878876	25.524199411015104	24.711993226388575	0.0
127.0	24.30108452401446	25.579273541056978	25.532220118207377	24.587421816721182	0.0
128.0	24.504099521000295	25.56812600754612	25.432630915993045	24.495143555460537	0.0
129.0	24.152835709756424	25.57898043595874	25.780263762602022	24.48792009168281	0.0
130.0	24.22977678976765	25.653800080251415	25.6950973414522	24.421325788528733	0.0
131.0	24.344646595700763	25.536814790788192	25.617314893993452	24.50122371951759	0.0
132.0	24.146613025341075	25.596413354908627	25.737741423078635	24.519232196671663	0.0
133.0	24.283732721098197	25.730915482852634	25.60625627780169	24.379095518247475	0.0
134.0	24.454408846300943	25.452990474928555	25.606572088499146	24.485727449852593	3.0114041876586636E-4
135.0	24.1666717217366	25.534876949487717	25.72019581318888	24.578255515586804	0.0
136.0	24.317663334768707	25.628128426189754	25.74417986751812	24.31002837152342	0.0
137.0	24.451224575788984	25.47572839422636	25.63474024476137	24.438306785223276	0.0
138.0	24.192039067196323	25.63443912173175	25.594776993486732	24.578744817585196	0.0
139.0	24.284028545205942	25.458115591851005	25.691309695505314	24.566546167437735	0.0
140.0	24.445206470651154	25.42895433924987	25.732855983338894	24.39298320676008	0.0
141.0	24.262452016191663	25.678113043671207	25.60267029299048	24.45676464714665	0.0
142.0	24.29997285169038	25.533144892125392	25.759593733531354	24.40728852265287	0.0
143.0	24.48765479776525	25.325686774284904	25.715416698849154	24.471241729100694	0.0
144.0	24.26590802927285	25.48074427778066	25.78502102039757	24.46832667254892	0.0
145.0	24.442504095988387	25.556678341459904	25.697299100354172	24.303518462197545	0.0
146.0	24.58224512908221	25.208918707427962	25.699559875721846	24.509276287767978	0.0
147.0	24.9459027029965	23.92578224521617	26.203813477275737	24.924501574511595	0.0
148.0	26.39250690931657	22.255576161234224	27.29270246281958	24.059214466629626	0.0
149.0	35.67461845598817	0.043576075721032045	35.52159549240966	28.76020997588115	0.0
